chr1_30783058_T_C_b38	ENSG00000162511.7	25238	500	663	0.494776	1.68352e-09	0.0861962	0.0140828	0.000134469	4.07398e-11	2.26969e-07
chr1_89085986_G_C_b38	ENSG00000213516.9	93026	471	620	0.462687	5.9953e-09	0.149717	0.0253654	0.000215723	2.00497e-09	9.69318e-06
chr1_89085986_G_C_b38	ENSG00000117226.11	63092	471	620	0.462687	1.73433e-22	0.273349	0.0269023	0.000212005	1.46681e-83	1.2535e-75
chr1_111197723_C_G_b38	ENSG00000162777.16	-6812	278	321	0.239552	6.02639e-14	0.155954	0.0202784	0.00012418	6.02639e-14	5.56983e-10
chr1_153617778_C_A_b38	ENSG00000160678.11	-10148	464	629	0.469403	5.0491e-12	-0.314269	0.0445983	0.000200395	1.085e-21	4.80522e-17
chr1_153617778_C_A_b38	ENSG00000189171.14	-13582	464	629	0.469403	3.88519e-13	-0.224434	0.0302266	0.000202859	4.11653e-36	5.12295e-30
chr1_153617778_C_A_b38	ENSG00000272030.1	-16619	464	629	0.469403	1.39839e-22	-0.461705	0.0453301	0.000191641	1.25517e-35	1.27099e-29
chr1_153617778_C_A_b38	ENSG00000143553.10	-40876	464	629	0.469403	1.22706e-08	0.096976	0.0167887	0.000192263	1.58258e-12	1.17499e-08
chr5_139394348_T_C_b38	ENSG00000228672.3	-1365	313	364	0.271642	6.13304e-11	-0.231674	0.0347773	0.000242042	4.63583e-14	2.02567e-10
chr5_139394348_T_C_b38	ENSG00000170469.10	-9740	313	364	0.271642	0.000135225	0.183045	0.0476475	0.000256231	3.03422e-09	6.92941e-06
chr5_139394348_T_C_b38	ENSG00000170464.9	-50143	313	364	0.271642	2.77853e-17	0.326894	0.0374982	0.000290187	2.04186e-20	4.40243e-16
chr5_179870733_A_C_b38	ENSG00000161011.19	64335	437	545	0.406716	6.15704e-06	-0.0986877	0.0216343	7.9897e-05	1.30515e-07	0.000775926
chr6_134882641_T_C_b38	ENSG00000118514.13	-67481	277	315	0.235075	2.53172e-05	-0.200935	0.0473337	0.000123094	5.85296e-31	8.90012e-26
chr7_102467250_G_C_b38	ENSG00000260097.2	110806	407	498	0.371642	5.92911e-06	0.200544	0.0438846	0.000197029	2.63507e-19	1.29909e-14
chr7_102467250_G_C_b38	ENSG00000160991.15	34144	407	498	0.371642	8.4687e-12	0.146373	0.0210055	0.000214064	1.43356e-95	3.17963e-84
chr9_92729568_A_G_b38	ENSG00000185963.13	-35244	331	384	0.286567	5.13208e-20	0.143935	0.0151585	0.000237421	1.25293e-20	5.64667e-16
chr12_121918464_G_C_b38	ENSG00000212694.8	114558	416	538	0.401493	4.55008e-05	-0.0795449	0.0193646	0.000174924	2.7186e-19	6.23843e-15
chr12_121918464_G_C_b38	ENSG00000158104.11	54868	416	538	0.401493	5.98445e-06	0.17864	0.0391085	0.000176169	3.3497e-38	1.10233e-31
chr12_121918464_G_C_b38	ENSG00000110801.13	29733	416	538	0.401493	4.24923e-08	0.0907983	0.0163547	0.000205016	1.17971e-12	1.15351e-08
chr12_121918464_G_C_b38	ENSG00000110987.8	-101600	416	538	0.401493	4.39394e-14	-0.216391	0.0279758	0.000216745	2.06125e-15	3.43805e-11
chr13_20489385_A_G_b38	ENSG00000165475.13	-36472	309	358	0.267164	3.16305e-12	-0.228477	0.0321036	0.000117945	1.24194e-12	9.33615e-09
chr14_100709875_G_C_b38	ENSG00000214548.14	-69535	417	555	0.414179	5.42148e-06	0.183626	0.0400126	8.99798e-05	5.02424e-06	0.015968
chr16_84175443_C_T_b38	ENSG00000103160.11	30255	323	396	0.295522	3.04361e-11	0.18845	0.0278299	5.26196e-05	3.053e-15	8.94612e-11
chr16_84175443_C_T_b38	ENSG00000154099.17	30133	323	396	0.295522	1.64174e-52	0.686191	0.0406927	5.92693e-05	4.22479e-58	7.21225e-50
chr17_75589605_T_C_b38	ENSG00000073350.13	64525	127	129	0.0962687	2.22477e-10	0.14102	0.0218444	0.000126523	2.22477e-10	1.76049e-06
chr17_75589605_T_C_b38	ENSG00000266714.6	1547	127	129	0.0962687	1.91129e-100	0.943443	0.0362708	0.000128133	1.60584e-111	9.60373e-99
